_D = 6
_T = 6.0
_n_neurons = 1000
_synapse = 0.01
_stim = 'random'
_n_training = 50
_n_bumps = 2
_strength = 1.5
_backend = 'nengo'
_dt = 0.001
_seed = 4
_hide_overlay = True
_gui = False
dp_norm = 0.81510889923093199
rmse_test = 0.20400927896505427
rmse_train = 0.19282214246880008
sim_speed = 1.3682523756601608